Int_t channel_to_canvas( Int_t channel )
{

  Int_t chanmap[] = {
    3,2,19,18,35,34,51,50,
    1,0,17,16,33,32,49,48,
    7,6,23,22,39,38,55,54,
    5,4,21,20,37,36,53,52,
    11,10,27,26,43,42,59,58,
    9,8,25,24,41,40,57,56,
    15,14,31,30,47,46,63,62,
    13,12,29,28,45,44,61,60

  /*
    // First attempt; found reversal or Meritec cable
    2,3,18,19,34,35,50,51,
    0,1,16,17,32,33,48,49,
    6,7,22,23,38,39,54,55,
    4,5,20,21,36,37,52,53,
    10,11,26,27,42,43,58,59,
    8,9,24,25,40,41,56,57,
    14,15,30,31,46,47,62,63,
    12,13,28,29,44,45,60,61
  */

  };


  if ( channel < 0 || channel > 63 ) return 0;
  
  Int_t index = 0;
  for (Int_t i = 0; i < 64; i++ ) {
    if ( channel == chanmap[i] ) {
      index = i;
    }
  }

  return index+1;

}

